0 0 0 0 0 0 0 0 0 0 0 0 0 0 0
0 0 0 0 0 0 0 0 0 0 0 0 0 0 0
0 0 0 0 0 3 3 3 3 3 0 0 0 0 0
10 0 0 0 3 3 0 0 0 3 3 0 0 0 10
0 0 0 3 3 0 0 0 0 0 3 3 0 0 0
0 0 3 3 0 0 2 2 2 0 0 3 3 0 0
0 0 3 0 0 9 0 1 0 2 0 0 3 0 0
0 0 3 0 2 0 1 0 1 0 2 0 3 0 0
0 0 3 10 2 0 1 9 1 0 2 10 3 0 0
0 0 3 0 2 0 1 0 1 0 2 0 3 0 0
0 0 3 0 0 2 0 1 0 9 0 0 3 0 0
0 0 3 3 0 0 2 2 2 0 0 3 3 0 0
0 0 0 3 3 0 0 0 0 0 3 3 0 0 0
0 0 0 0 3 3 0 0 0 3 3 0 0 0 0
0 0 0 0 0 3 3 3 3 3 0 0 0 0 0
0 0 0 0 0 0 0 0 0 0 0 0 0 0 0
0 0 0 0 0 0 0 0 0 0 0 0 0 0 0
0 0 0 0 0 0 0 0 0 0 0 0 0 0 0
0 0 0 0 0 0 0 0 0 0 0 0 0 0 0
0 0 0 0 0 0 0 0 0 0 0 0 0 0 0
0 0 0 0 0 0 0 0 0 0 0 0 0 0 0
0 0 0 0 0 0 0 0 0 0 0 0 0 0 0
0 0 0 0 0 0 0 0 0 0 0 0 0 0 0
0 0 0 0 0 0 0 0 0 0 0 0 0 0 0